  2
HEADER
  0
SECTION
  2
ENTITIES
  0
LINE
  5
1
  8
0
 62
  1
 10
0
 20
919
 30
0.0
 11
-3.9982
 21
918.88
 31
0.0
  0
LINE
  5
2
  8
0
 62
  1
 10
0
 20
919
 30
0.0
 11
3.9982
 21
918.88
 31
0.0
  0
LINE
  5
3
  8
0
 62
  1
 10
-3.9982
 20
918.88
 30
0.0
 11
-3.9982
 21
918.85
 31
0.0
  0
LINE
  5
4
  8
0
 62
  1
 10
3.9982
 20
918.88
 30
0.0
 11
3.9982
 21
918.85
 31
0.0
  0
LINE
  5
5
  8
0
 62
  45
 10
-3.9982
 20
918.85
 30
0.0
 11
-5.49633
 21
918.775
 31
0.0
  0
LINE
  5
6
  8
0
 62
  45
 10
3.9982
 20
918.85
 30
0.0
 11
5.49633
 21
918.775
 31
0.0
  0
LINE
  5
7
  8
0
 62
  3
 10
-5.49633
 20
918.775
 30
0.0
 11
-6.10565
 21
916.947
 31
0.0
  0
LINE
  5
8
  8
0
 62
  3
 10
5.49633
 20
918.775
 30
0.0
 11
6.10565
 21
916.947
 31
0.0
  0
LINE
  5
9
  8
0
 62
 34
 10
-15
 20
912.5
 30
0.0
 11
-14.7
 21
912.65
 31
0.0
  0
LINE
  5
10
  8
0
 62
 34
 10
-14.7
 20
912.65
 30
0.0
 11
-14.4
 21
912.733
 31
0.0
  0
LINE
  5
11
  8
0
 62
 34
 10
-14.4
 20
912.733
 30
0.0
 11
-14.1
 21
912.883
 31
0.0
  0
LINE
  5
12
  8
0
 62
 34
 10
-14.1
 20
912.883
 30
0.0
 11
-13.8
 21
913.144
 31
0.0
  0
LINE
  5
13
  8
0
 62
 34
 10
-13.8
 20
913.144
 30
0.0
 11
-13.5
 21
913.29
 31
0.0
  0
LINE
  5
14
  8
0
 62
 34
 10
-13.5
 20
913.29
 30
0.0
 11
-13.2
 21
913.44
 31
0.0
  0
LINE
  5
15
  8
0
 62
 34
 10
-13.2
 20
913.44
 30
0.0
 11
-12.9
 21
913.617
 31
0.0
  0
LINE
  5
16
  8
0
 62
 34
 10
-12.9
 20
913.617
 30
0.0
 11
-12.6
 21
913.641
 31
0.0
  0
LINE
  5
17
  8
0
 62
 34
 10
-12.6
 20
913.641
 30
0.0
 11
-12.3
 21
913.917
 31
0.0
  0
LINE
  5
18
  8
0
 62
 34
 10
-12.3
 20
913.917
 30
0.0
 11
-12
 21
914.04
 31
0.0
  0
LINE
  5
19
  8
0
 62
 34
 10
-12
 20
914.04
 30
0.0
 11
-11.7
 21
914.217
 31
0.0
  0
LINE
  5
20
  8
0
 62
 34
 10
-11.7
 20
914.217
 30
0.0
 11
-11.4
 21
914.367
 31
0.0
  0
LINE
  5
21
  8
0
 62
 34
 10
-11.4
 20
914.367
 30
0.0
 11
-11.1
 21
914.494
 31
0.0
  0
LINE
  5
22
  8
0
 62
 34
 10
-11.1
 20
914.494
 30
0.0
 11
-10.8
 21
914.644
 31
0.0
  0
LINE
  5
23
  8
0
 62
 34
 10
-10.8
 20
914.644
 30
0.0
 11
-10.5
 21
914.691
 31
0.0
  0
LINE
  5
24
  8
0
 62
 34
 10
-10.5
 20
914.691
 30
0.0
 11
-10.2
 21
914.833
 31
0.0
  0
LINE
  5
25
  8
0
 62
 34
 10
-10.2
 20
914.833
 30
0.0
 11
-9.9
 21
915.05
 31
0.0
  0
LINE
  5
26
  8
0
 62
 34
 10
-9.9
 20
915.05
 30
0.0
 11
-9.6
 21
915.2
 31
0.0
  0
LINE
  5
27
  8
0
 62
 34
 10
-9.6
 20
915.2
 30
0.0
 11
-9.3
 21
915.35
 31
0.0
  0
LINE
  5
28
  8
0
 62
 34
 10
-9.3
 20
915.35
 30
0.0
 11
-9
 21
915.54
 31
0.0
  0
LINE
  5
29
  8
0
 62
 34
 10
-9
 20
915.54
 30
0.0
 11
-8.7
 21
915.694
 31
0.0
  0
LINE
  5
30
  8
0
 62
 34
 10
-8.7
 20
915.694
 30
0.0
 11
-8.4
 21
915.8
 31
0.0
  0
LINE
  5
31
  8
0
 62
 34
 10
-8.4
 20
915.8
 30
0.0
 11
-8.1
 21
915.891
 31
0.0
  0
LINE
  5
32
  8
0
 62
 34
 10
-8.1
 20
915.891
 30
0.0
 11
-7.8
 21
916.041
 31
0.0
  0
LINE
  5
33
  8
0
 62
 34
 10
-7.8
 20
916.041
 30
0.0
 11
-7.5
 21
916.25
 31
0.0
  0
LINE
  5
34
  8
0
 62
 34
 10
-7.5
 20
916.25
 30
0.0
 11
-7.2
 21
916.44
 31
0.0
  0
LINE
  5
35
  8
0
 62
 34
 10
-7.2
 20
916.44
 30
0.0
 11
-6.9
 21
916.491
 31
0.0
  0
LINE
  5
36
  8
0
 62
 34
 10
-6.9
 20
916.491
 30
0.0
 11
-6.6
 21
916.744
 31
0.0
  0
LINE
  5
37
  8
0
 62
 34
 10
-6.6
 20
916.744
 30
0.0
 11
-6.3
 21
916.894
 31
0.0
  0
LINE
  5
38
  8
0
 62
 34
 10
-6.3
 20
916.894
 30
0.0
 11
-6.10565
 21
916.947
 31
0.0
  0
LINE
  5
39
  8
0
 62
 34
 10
-6.10565
 20
916.947
 30
0.0
 11
-5.7
 21
917.19
 31
0.0
  0
LINE
  5
40
  8
0
 62
 34
 10
-5.7
 20
917.19
 30
0.0
 11
-5.4
 21
917.241
 31
0.0
  0
LINE
  5
41
  8
0
 62
 34
 10
-5.4
 20
917.241
 30
0.0
 11
-5.1
 21
917.49
 31
0.0
  0
LINE
  5
42
  8
0
 62
 34
 10
-5.1
 20
917.49
 30
0.0
 11
-4.8
 21
917.6
 31
0.0
  0
LINE
  5
43
  8
0
 62
 34
 10
-4.8
 20
917.6
 30
0.0
 11
-4.5
 21
917.691
 31
0.0
  0
LINE
  5
44
  8
0
 62
 34
 10
-4.5
 20
917.691
 30
0.0
 11
-4.2
 21
917.833
 31
0.0
  0
LINE
  5
45
  8
0
 62
 34
 10
-4.2
 20
917.833
 30
0.0
 11
-3.9
 21
918.09
 31
0.0
  0
LINE
  5
46
  8
0
 62
 34
 10
-3.9
 20
918.09
 30
0.0
 11
-3.6
 21
918.2
 31
0.0
  0
LINE
  5
47
  8
0
 62
 34
 10
-3.6
 20
918.2
 30
0.0
 11
-3.3
 21
918.35
 31
0.0
  0
LINE
  5
48
  8
0
 62
 34
 10
-3.3
 20
918.35
 30
0.0
 11
-3
 21
918.5
 31
0.0
  0
LINE
  5
49
  8
0
 62
 34
 10
-3
 20
918.5
 30
0.0
 11
-2.7
 21
918.717
 31
0.0
  0
LINE
  5
50
  8
0
 62
 34
 10
-2.7
 20
918.717
 30
0.0
 11
-2.4
 21
918.733
 31
0.0
  0
LINE
  5
51
  8
0
 62
 34
 10
-2.4
 20
918.733
 30
0.0
 11
-2.1
 21
918.994
 31
0.0
  0
LINE
  5
52
  8
0
 62
 34
 10
-2.1
 20
918.994
 30
0.0
 11
-1.8
 21
919.033
 31
0.0
  0
LINE
  5
53
  8
0
 62
 34
 10
-1.8
 20
919.033
 30
0.0
 11
-1.5
 21
919.25
 31
0.0
  0
LINE
  5
54
  8
0
 62
 34
 10
-1.5
 20
919.25
 30
0.0
 11
-1.2
 21
919.467
 31
0.0
  0
LINE
  5
55
  8
0
 62
 34
 10
-1.2
 20
919.467
 30
0.0
 11
-0.9
 21
919.617
 31
0.0
  0
LINE
  5
56
  8
0
 62
 34
 10
-0.9
 20
919.617
 30
0.0
 11
-0.6
 21
919.767
 31
0.0
  0
LINE
  5
57
  8
0
 62
 34
 10
-0.6
 20
919.767
 30
0.0
 11
-0.3
 21
919.791
 31
0.0
  0
LINE
  5
58
  8
0
 62
 34
 10
-0.3
 20
919.791
 30
0.0
 11
8.67362e-19
 21
920
 31
0.0
  0
LINE
  5
59
  8
0
 62
  34
 10
0
 20
920
 30
0.0
 11
0.3
 21
919.85
 31
0.0
  0
LINE
  5
60
  8
0
 62
  34
 10
0.3
 20
919.85
 30
0.0
 11
0.6
 21
919.744
 31
0.0
  0
LINE
  5
61
  8
0
 62
  34
 10
0.6
 20
919.744
 30
0.0
 11
0.9
 21
919.594
 31
0.0
  0
LINE
  5
62
  8
0
 62
  34
 10
0.9
 20
919.594
 30
0.0
 11
1.2
 21
919.371
 31
0.0
  0
LINE
  5
63
  8
0
 62
  34
 10
1.2
 20
919.371
 30
0.0
 11
1.5
 21
919.223
 31
0.0
  0
LINE
  5
64
  8
0
 62
  34
 10
1.5
 20
919.223
 30
0.0
 11
1.8
 21
919.073
 31
0.0
  0
LINE
  5
65
  8
0
 62
  34
 10
1.8
 20
919.073
 30
0.0
 11
2.1
 21
918.905
 31
0.0
  0
LINE
  5
66
  8
0
 62
  34
 10
2.1
 20
918.905
 30
0.0
 11
2.4
 21
918.839
 31
0.0
  0
LINE
  5
67
  8
0
 62
  34
 10
2.4
 20
918.839
 30
0.0
 11
2.7
 21
918.605
 31
0.0
  0
LINE
  5
68
  8
0
 62
  34
 10
2.7
 20
918.605
 30
0.0
 11
3
 21
918.473
 31
0.0
  0
LINE
  5
69
  8
0
 62
  34
 10
3
 20
918.473
 30
0.0
 11
3.3
 21
918.305
 31
0.0
  0
LINE
  5
70
  8
0
 62
  34
 10
3.3
 20
918.305
 30
0.0
 11
3.6
 21
918.155
 31
0.0
  0
LINE
  5
71
  8
0
 62
  34
 10
3.6
 20
918.155
 30
0.0
 11
3.9
 21
918.021
 31
0.0
  0
LINE
  5
72
  8
0
 62
  34
 10
3.9
 20
918.021
 30
0.0
 11
4.2
 21
917.871
 31
0.0
  0
LINE
  5
73
  8
0
 62
  34
 10
4.2
 20
917.871
 30
0.0
 11
4.5
 21
917.789
 31
0.0
  0
LINE
  5
74
  8
0
 62
  34
 10
4.5
 20
917.789
 30
0.0
 11
4.8
 21
917.644
 31
0.0
  0
LINE
  5
75
  8
0
 62
  34
 10
4.8
 20
917.644
 30
0.0
 11
5.1
 21
917.45
 31
0.0
  0
LINE
  5
76
  8
0
 62
  34
 10
5.1
 20
917.45
 30
0.0
 11
5.4
 21
917.3
 31
0.0
  0
LINE
  5
77
  8
0
 62
  34
 10
5.4
 20
917.3
 30
0.0
 11
5.7
 21
917.15
 31
0.0
  0
LINE
  5
78
  8
0
 62
  34
 10
5.7
 20
917.15
 30
0.0
 11
6
 21
916.973
 31
0.0
  0
LINE
  5
79
  8
0
 62
  34
 10
6
 20
916.973
 30
0.0
 11
6.10565
 21
916.947
 31
0.0
  0
LINE
  5
80
  8
0
 62
  34
 10
6.10565
 20
916.947
 30
0.0
 11
6.6
 21
916.7
 31
0.0
  0
LINE
  5
81
  8
0
 62
  34
 10
6.6
 20
916.7
 30
0.0
 11
6.9
 21
916.589
 31
0.0
  0
LINE
  5
82
  8
0
 62
  34
 10
6.9
 20
916.589
 30
0.0
 11
7.2
 21
916.439
 31
0.0
  0
LINE
  5
83
  8
0
 62
  34
 10
7.2
 20
916.439
 30
0.0
 11
7.5
 21
916.25
 31
0.0
  0
LINE
  5
84
  8
0
 62
  34
 10
7.5
 20
916.25
 30
0.0
 11
7.8
 21
916.073
 31
0.0
  0
LINE
  5
85
  8
0
 62
  34
 10
7.8
 20
916.073
 30
0.0
 11
8.1
 21
915.989
 31
0.0
  0
LINE
  5
86
  8
0
 62
  34
 10
8.1
 20
915.989
 30
0.0
 11
8.4
 21
915.771
 31
0.0
  0
LINE
  5
87
  8
0
 62
  34
 10
8.4
 20
915.771
 30
0.0
 11
8.7
 21
915.621
 31
0.0
  0
LINE
  5
88
  8
0
 62
  34
 10
8.7
 20
915.621
 30
0.0
 11
9
 21
915.544
 31
0.0
  0
LINE
  5
89
  8
0
 62
  34
 10
9
 20
915.544
 30
0.0
 11
9.3
 21
915.323
 31
0.0
  0
LINE
  5
90
  8
0
 62
  34
 10
9.3
 20
915.323
 30
0.0
 11
9.6
 21
915.239
 31
0.0
  0
LINE
  5
91
  8
0
 62
  34
 10
9.6
 20
915.239
 30
0.0
 11
9.9
 21
915.023
 31
0.0
  0
LINE
  5
92
  8
0
 62
  34
 10
9.9
 20
915.023
 30
0.0
 11
10.2
 21
914.9
 31
0.0
  0
LINE
  5
93
  8
0
 62
  34
 10
10.2
 20
914.9
 30
0.0
 11
10.5
 21
914.789
 31
0.0
  0
LINE
  5
94
  8
0
 62
  34
 10
10.5
 20
914.789
 30
0.0
 11
10.8
 21
914.644
 31
0.0
  0
LINE
  5
95
  8
0
 62
  34
 10
10.8
 20
914.644
 30
0.0
 11
11.1
 21
914.423
 31
0.0
  0
LINE
  5
96
  8
0
 62
  34
 10
11.1
 20
914.423
 30
0.0
 11
11.4
 21
914.3
 31
0.0
  0
LINE
  5
97
  8
0
 62
  34
 10
11.4
 20
914.3
 30
0.0
 11
11.7
 21
914.15
 31
0.0
  0
LINE
  5
98
  8
0
 62
  34
 10
11.7
 20
914.15
 30
0.0
 11
12
 21
914
 31
0.0
  0
LINE
  5
99
  8
0
 62
  34
 10
12
 20
914
 30
0.0
 11
12.3
 21
913.805
 31
0.0
  0
LINE
  5
100
  8
0
 62
  34
 10
12.3
 20
913.805
 30
0.0
 11
12.6
 21
913.744
 31
0.0
  0
LINE
  5
101
  8
0
 62
  34
 10
12.6
 20
913.744
 30
0.0
 11
12.9
 21
913.521
 31
0.0
  0
LINE
  5
102
  8
0
 62
  34
 10
12.9
 20
913.521
 30
0.0
 11
13.2
 21
913.444
 31
0.0
  0
LINE
  5
103
  8
0
 62
  34
 10
13.2
 20
913.444
 30
0.0
 11
13.5
 21
913.25
 31
0.0
  0
LINE
  5
104
  8
0
 62
  34
 10
13.5
 20
913.25
 30
0.0
 11
13.8
 21
913.055
 31
0.0
  0
LINE
  5
105
  8
0
 62
  34
 10
13.8
 20
913.055
 30
0.0
 11
14.1
 21
912.905
 31
0.0
  0
LINE
  5
106
  8
0
 62
  34
 10
14.1
 20
912.905
 30
0.0
 11
14.4
 21
912.755
 31
0.0
  0
LINE
  5
107
  8
0
 62
  34
 10
14.4
 20
912.755
 30
0.0
 11
14.7
 21
912.689
 31
0.0
  0
LINE
  5
108
  8
0
 62
  34
 10
14.7
 20
912.689
 30
0.0
 11
15
 21
912.5
 31
0.0
  0
LINE
  5
109
  8
0
 10
15
 20
927.388
 30
0.0
 11
15
 21
906.388
 31
0.0
  0
LINE
  5
110
  8
0
 10
15
 20
906.388
 30
0.0
 11
-15
 21
906.388
 31
0.0
  0
LINE
  5
111
  8
0
 10
-15
 20
906.388
 30
0.0
 11
-15
 21
927.388
 31
0.0
  0
LINE
  5
112
  8
0
 10
-15
 20
927.388
 30
0.0
 11
15
 21
927.388
 31
0.0
  0
LINE
  5
113
  8
0
 10
15.75
 20
928.138
 30
0.0
 11
15.75
 21
905.638
 31
0.0
  0
LINE
  5
114
  8
0
 10
15.75
 20
905.638
 30
0.0
 11
-15.75
 21
905.638
 31
0.0
  0
LINE
  5
115
  8
0
 10
-15.75
 20
905.638
 30
0.0
 11
-15.75
 21
928.138
 31
0.0
  0
LINE
  5
116
  8
0
 10
-15.75
 20
928.138
 30
0.0
 11
15.75
 21
928.138
 31
0.0
  0
LINE
  5
117
  8
0
 10
0
 20
927.388
 30
0.0
 11
0
 21
926.921
 31
0.0
  0
LINE
  5
118
  8
0
 10
0
 20
925.988
 30
0.0
 11
0
 21
925.521
 31
0.0
  0
LINE
  5
119
  8
0
 10
0
 20
924.588
 30
0.0
 11
0
 21
924.121
 31
0.0
  0
LINE
  5
120
  8
0
 10
0
 20
923.188
 30
0.0
 11
0
 21
922.721
 31
0.0
  0
LINE
  5
121
  8
0
 10
0
 20
921.788
 30
0.0
 11
0
 21
921.321
 31
0.0
  0
LINE
  5
122
  8
0
 10
0
 20
920.388
 30
0.0
 11
0
 21
919.921
 31
0.0
  0
LINE
  5
123
  8
0
 10
0
 20
918.988
 30
0.0
 11
0
 21
918.521
 31
0.0
  0
LINE
  5
124
  8
0
 10
0
 20
917.588
 30
0.0
 11
0
 21
917.121
 31
0.0
  0
LINE
  5
125
  8
0
 10
0
 20
916.188
 30
0.0
 11
0
 21
915.721
 31
0.0
  0
LINE
  5
126
  8
0
 10
0
 20
914.788
 30
0.0
 11
0
 21
914.321
 31
0.0
  0
LINE
  5
127
  8
0
 10
0
 20
913.388
 30
0.0
 11
0
 21
912.921
 31
0.0
  0
LINE
  5
128
  8
0
 10
0
 20
911.988
 30
0.0
 11
0
 21
911.521
 31
0.0
  0
LINE
  5
129
  8
0
 10
0
 20
910.588
 30
0.0
 11
0
 21
910.121
 31
0.0
  0
LINE
  5
130
  8
0
 10
0
 20
909.188
 30
0.0
 11
0
 21
908.721
 31
0.0
  0
LINE
  5
131
  8
0
 10
0
 20
907.788
 30
0.0
 11
0
 21
907.321
 31
0.0
  0
TEXT
  8
0
  10
-0.3
  20
                906.688
  40
0.4
  50
0
  1
CL
  0
TEXT
  8
0
  10
                -14.7
  20
                907.488
  40
0.4
  50
0
  1
Area Fill: 9.91014
  0
TEXT
  8
0
  10
                -14.7
  20
                908.188
  40
0.4
  50
0
  1
Area Cut: 0
  0
TEXT
  8
0
  10
                -14.7
  20
                906.688
  40
0.4
  50
0
  1
Sc: 1:100
  0
TEXT
  8
0
  10
                10.5
  20
                926.588
  40
0.4
  50
0
  1
Station: 4
  0
TEXT
  8
0
  10
                6.6
  20
                906.788
  40
0.35
  50
0
  1
proofLat AutoCAD Drawer
  0
POLYLINE
  8
Point
 62
  0
 66
  1
 10
  0.0
 20
  0.0
 70
  1
 40
  0.141421
 41
  0.141421
 0
VERTEX
  8
Point
 10
                -.03
 20
                920.1
 42
  1.0
  0
VERTEX
  8
Point
 10
                0
 20
                920
 42
  1.0
  0
SEQEND
  8
Point
  0
TEXT
  8
0
 62
  0
  10
  .2
  20
                920
  40
0.2
  1
GL:920
  0
POLYLINE
  8
Point
 62
  0
 66
  1
 10
  0.0
 20
  0.0
 70
  1
 40
  0.141421
 41
  0.141421
 0
VERTEX
  8
Point
 10
                -.03
 20
                919.1
 42
  1.0
  0
VERTEX
  8
Point
 10
                0
 20
                919
 42
  1.0
  0
SEQEND
  8
Point
  0
TEXT
  8
0
 62
  0
  10
  .2
  20
                919
  40
0.2
  1
PL:919
  0
POLYLINE
  8
Point
 62
  0
 66
  1
 10
  0.0
 20
  0.0
 70
  1
 40
  0.141421
 41
  0.141421
 0
VERTEX
  8
Point
 10
                -10
 20
                915.1
 42
  1.0
  0
VERTEX
  8
Point
 10
                -10
 20
                915
 42
  1.0
  0
SEQEND
  8
Point
  0
TEXT
  8
0
 62
  0
  10
  -9.8
  20
                915
  40
0.2
  1
915
  0
POLYLINE
  8
Point
 62
  0
 66
  1
 10
  0.0
 20
  0.0
 70
  1
 40
  0.141421
 41
  0.141421
 0
VERTEX
  8
Point
 10
                10
 20
                915.1
 42
  1.0
  0
VERTEX
  8
Point
 10
                10
 20
                915
 42
  1.0
  0
SEQEND
  8
Point
  0
TEXT
  8
0
 62
  0
  10
  10.2
  20
                915
  40
0.2
  1
915
  0
ENDSEC
  0
EOF